PAMAP_Indoor_Subject1_IMU_Shoe_X-Acc,100,17124,36563,54372,81321,97438,106170,113077,121467
PAMAP_Indoor_Subject1_IMU_Shoe_Y-Acc,100,17124,36563,54372,81321,97438,106170,113077,121467
PAMAP_Indoor_Subject1_IMU_Shoe_Z-Acc,100,17124,36563,54372,81321,97438,106170,113077,121467
PAMAP_Indoor_Subject1_IMU_Shoe_X-Gyro,100,17124,36563,54372,81321,97438,106170,113077,121467
PAMAP_Indoor_Subject1_IMU_Shoe_Y-Gyro,100,17124,36563,54372,81321,97438,106170,113077,121467
PAMAP_Indoor_Subject1_IMU_Shoe_Z-Gyro,100,17124,36563,54372,81321,97438,106170,113077,121467
PAMAP_Indoor_Subject1_IMU_Shoe_X-Mag,100,17124,36563,54372,81321,97438,106170,113077,121467
PAMAP_Indoor_Subject1_IMU_Shoe_Y-Mag,100,17124,36563,54372,81321,97438,106170,113077,121467
PAMAP_Indoor_Subject1_IMU_Shoe_Z-Mag,100,17124,36563,54372,81321,97438,106170,113077,121467
PAMAP_Indoor_Subject2_IMU_Shoe_X-Acc,100,17944,36307,59148,82980,101447,110615,117738,125907
PAMAP_Indoor_Subject2_IMU_Shoe_Y-Acc,100,17944,36307,59148,82980,101447,110615,117738,125907
PAMAP_Indoor_Subject2_IMU_Shoe_Z-Acc,100,17944,36307,59148,82980,101447,110615,117738,125907
PAMAP_Indoor_Subject2_IMU_Shoe_X-Gyro,100,17944,36307,59148,82980,101447,110615,117738,125907
PAMAP_Indoor_Subject2_IMU_Shoe_Y-Gyro,100,17944,36307,59148,82980,101447,110615,117738,125907
PAMAP_Indoor_Subject2_IMU_Shoe_Z-Gyro,100,17944,36307,59148,82980,101447,110615,117738,125907
PAMAP_Indoor_Subject2_IMU_Shoe_X-Mag,100,17944,36307,59148,82980,101447,110615,117738,125907
PAMAP_Indoor_Subject2_IMU_Shoe_Y-Mag,100,17944,36307,59148,82980,101447,110615,117738,125907
PAMAP_Indoor_Subject2_IMU_Shoe_Z-Mag,100,17944,36307,59148,82980,101447,110615,117738,125907
PAMAP_Indoor_Subject3_IMU_Shoe_X-Acc,100,20026,35292,53651,80334,101583,109631,116020,124192
PAMAP_Indoor_Subject3_IMU_Shoe_Y-Acc,100,20026,35292,53651,80334,101583,109631,116020,124192
PAMAP_Indoor_Subject3_IMU_Shoe_Z-Acc,100,20026,35292,53651,80334,101583,109631,116020,124192
PAMAP_Indoor_Subject3_IMU_Shoe_X-Gyro,100,20026,35292,53651,80334,101583,109631,116020,124192
PAMAP_Indoor_Subject3_IMU_Shoe_Y-Gyro,100,20026,35292,53651,80334,101583,109631,116020,124192
PAMAP_Indoor_Subject3_IMU_Shoe_Z-Gyro,100,20026,35292,53651,80334,101583,109631,116020,124192
PAMAP_Indoor_Subject3_IMU_Shoe_X-Mag,100,20026,35292,53651,80334,101583,109631,116020,124192
PAMAP_Indoor_Subject3_IMU_Shoe_Y-Mag,100,20026,35292,53651,80334,101583,109631,116020,124192
PAMAP_Indoor_Subject3_IMU_Shoe_Z-Mag,100,20026,35292,53651,80334,101583,109631,116020,124192
PAMAP_Indoor_Subject4_IMU_Shoe_X-Acc,100,17150,36818,55515,74695,94585,99828,103765,107763
PAMAP_Indoor_Subject4_IMU_Shoe_Y-Acc,100,17150,36818,55515,74695,94585,99828,103765,107763
PAMAP_Indoor_Subject4_IMU_Shoe_Z-Acc,100,17150,36818,55515,74695,94585,99828,103765,107763
PAMAP_Indoor_Subject4_IMU_Shoe_X-Gyro,100,17150,36818,55515,74695,94585,99828,103765,107763
PAMAP_Indoor_Subject4_IMU_Shoe_Y-Gyro,100,17150,36818,55515,74695,94585,99828,103765,107763
PAMAP_Indoor_Subject4_IMU_Shoe_Z-Gyro,100,17150,36818,55515,74695,94585,99828,103765,107763
PAMAP_Indoor_Subject4_IMU_Shoe_X-Mag,100,17150,36818,55515,74695,94585,99828,103765,107763
PAMAP_Indoor_Subject4_IMU_Shoe_Y-Mag,100,17150,36818,55515,74695,94585,99828,103765,107763
PAMAP_Indoor_Subject4_IMU_Shoe_Z-Mag,100,17150,36818,55515,74695,94585,99828,103765,107763
PAMAP_Indoor_Subject5_IMU_Shoe_X-Acc,100,20575,38785,57236,85056,105298,113981,121415,129595
PAMAP_Indoor_Subject5_IMU_Shoe_Y-Acc,100,20575,38785,57236,85056,105298,113981,121415,129595
PAMAP_Indoor_Subject5_IMU_Shoe_Z-Acc,100,20575,38785,57236,85056,105298,113981,121415,129595
PAMAP_Indoor_Subject5_IMU_Shoe_X-Gyro,100,20575,38785,57236,85056,105298,113981,121415,129595
PAMAP_Indoor_Subject5_IMU_Shoe_Y-Gyro,100,20575,38785,57236,85056,105298,113981,121415,129595
PAMAP_Indoor_Subject5_IMU_Shoe_Z-Gyro,100,20575,38785,57236,85056,105298,113981,121415,129595
PAMAP_Indoor_Subject5_IMU_Shoe_X-Mag,100,20575,38785,57236,85056,105298,113981,121415,129595
PAMAP_Indoor_Subject5_IMU_Shoe_Y-Mag,100,20575,38785,57236,85056,105298,113981,121415,129595
PAMAP_Indoor_Subject5_IMU_Shoe_Z-Mag,100,20575,38785,57236,85056,105298,113981,121415,129595
PAMAP_Indoor_Subject6_IMU_Shoe_X-Acc,100,22480,44089,62152,83440,102527,111139,117962,125769
PAMAP_Indoor_Subject6_IMU_Shoe_Y-Acc,100,22480,44089,62152,83440,102527,111139,117962,125769
PAMAP_Indoor_Subject6_IMU_Shoe_Z-Acc,100,22480,44089,62152,83440,102527,111139,117962,125769
PAMAP_Indoor_Subject6_IMU_Shoe_X-Gyro,100,22480,44089,62152,83440,102527,111139,117962,125769
PAMAP_Indoor_Subject6_IMU_Shoe_Y-Gyro,100,22480,44089,62152,83440,102527,111139,117962,125769
PAMAP_Indoor_Subject6_IMU_Shoe_Z-Gyro,100,22480,44089,62152,83440,102527,111139,117962,125769
PAMAP_Indoor_Subject6_IMU_Shoe_X-Mag,100,22480,44089,62152,83440,102527,111139,117962,125769
PAMAP_Indoor_Subject6_IMU_Shoe_Y-Mag,100,22480,44089,62152,83440,102527,111139,117962,125769
PAMAP_Indoor_Subject6_IMU_Shoe_Z-Mag,100,22480,44089,62152,83440,102527,111139,117962,125769
PAMAP_Indoor_Subject7_IMU_Shoe_X-Acc,100,19432,39949,62593,84085,103999,111112,117499,124145
PAMAP_Indoor_Subject7_IMU_Shoe_Y-Acc,100,19432,39949,62593,84085,103999,111112,117499,124145
PAMAP_Indoor_Subject7_IMU_Shoe_Z-Acc,100,19432,39949,62593,84085,103999,111112,117499,124145
PAMAP_Indoor_Subject7_IMU_Shoe_X-Gyro,100,19432,39949,62593,84085,103999,111112,117499,124145
PAMAP_Indoor_Subject7_IMU_Shoe_Y-Gyro,100,19432,39949,62593,84085,103999,111112,117499,124145
PAMAP_Indoor_Subject7_IMU_Shoe_Z-Gyro,100,19432,39949,62593,84085,103999,111112,117499,124145
PAMAP_Indoor_Subject7_IMU_Shoe_X-Mag,100,19432,39949,62593,84085,103999,111112,117499,124145
PAMAP_Indoor_Subject7_IMU_Shoe_Y-Mag,100,19432,39949,62593,84085,103999,111112,117499,124145
PAMAP_Indoor_Subject7_IMU_Shoe_Z-Mag,100,19432,39949,62593,84085,103999,111112,117499,124145
PAMAP_Indoor_Subject8_IMU_Shoe_X-Acc,100,22926,46029,67668,90431,113090,121045,128522,136306
PAMAP_Indoor_Subject8_IMU_Shoe_Y-Acc,100,22926,46029,67668,90431,113090,121045,128522,136306
PAMAP_Indoor_Subject8_IMU_Shoe_Z-Acc,100,22926,46029,67668,90431,113090,121045,128522,136306
PAMAP_Indoor_Subject8_IMU_Shoe_X-Gyro,100,22926,46029,67668,90431,113090,121045,128522,136306
PAMAP_Indoor_Subject8_IMU_Shoe_Y-Gyro,100,22926,46029,67668,90431,113090,121045,128522,136306
PAMAP_Indoor_Subject8_IMU_Shoe_Z-Gyro,100,22926,46029,67668,90431,113090,121045,128522,136306
PAMAP_Indoor_Subject8_IMU_Shoe_X-Mag,100,22926,46029,67668,90431,113090,121045,128522,136306
PAMAP_Indoor_Subject8_IMU_Shoe_Y-Mag,100,22926,46029,67668,90431,113090,121045,128522,136306
PAMAP_Indoor_Subject8_IMU_Shoe_Z-Mag,100,22926,46029,67668,90431,113090,121045,128522,136306
PAMAP_Outdoor_Subject2_IMU_Shoe_X-Acc,100,19195,42382,61553,85242,98730,114981
PAMAP_Outdoor_Subject2_IMU_Shoe_Y-Acc,100,19195,42382,61553,85242,98730,114981
PAMAP_Outdoor_Subject2_IMU_Shoe_Z-Acc,100,19195,42382,61553,85242,98730,114981
PAMAP_Outdoor_Subject2_IMU_Shoe_X-Gyro,100,19195,42382,61553,85242,98730,114981
PAMAP_Outdoor_Subject2_IMU_Shoe_Y-Gyro,100,19195,42382,61553,85242,98730,114981
PAMAP_Outdoor_Subject2_IMU_Shoe_Z-Gyro,100,19195,42382,61553,85242,98730,114981
PAMAP_Outdoor_Subject2_IMU_Shoe_X-Mag,100,19195,42382,61553,85242,98730,114981
PAMAP_Outdoor_Subject2_IMU_Shoe_Y-Mag,100,19195,42382,61553,85242,98730,114981
PAMAP_Outdoor_Subject2_IMU_Shoe_Z-Mag,100,19195,42382,61553,85242,98730,114981
PAMAP_Outdoor_Subject3_IMU_Shoe_X-Acc,100,26159,48296,63255,84462,108877,123637,140979,159971
PAMAP_Outdoor_Subject3_IMU_Shoe_Y-Acc,100,26159,48296,63255,84462,108877,123637,140979,159971
PAMAP_Outdoor_Subject3_IMU_Shoe_Z-Acc,100,26159,48296,63255,84462,108877,123637,140979,159971
PAMAP_Outdoor_Subject3_IMU_Shoe_X-Gyro,100,26159,48296,63255,84462,108877,123637,140979,159971
PAMAP_Outdoor_Subject3_IMU_Shoe_Y-Gyro,100,26159,48296,63255,84462,108877,123637,140979,159971
PAMAP_Outdoor_Subject3_IMU_Shoe_Z-Gyro,100,26159,48296,63255,84462,108877,123637,140979,159971
PAMAP_Outdoor_Subject3_IMU_Shoe_X-Mag,100,26159,48296,63255,84462,108877,123637,140979,159971
PAMAP_Outdoor_Subject3_IMU_Shoe_Y-Mag,100,26159,48296,63255,84462,108877,123637,140979,159971
PAMAP_Outdoor_Subject3_IMU_Shoe_Z-Mag,100,26159,48296,63255,84462,108877,123637,140979,159971
PAMAP_Outdoor_Subject4_IMU_Shoe_X-Acc,100,22036,41761,61720,75555
PAMAP_Outdoor_Subject4_IMU_Shoe_Y-Acc,100,22036,41761,61720,75555
PAMAP_Outdoor_Subject4_IMU_Shoe_Z-Acc,100,22036,41761,61720,75555
PAMAP_Outdoor_Subject4_IMU_Shoe_X-Gyro,100,22036,41761,61720,75555
PAMAP_Outdoor_Subject4_IMU_Shoe_Y-Gyro,100,22036,41761,61720,75555
PAMAP_Outdoor_Subject4_IMU_Shoe_Z-Gyro,100,22036,41761,61720,75555
PAMAP_Outdoor_Subject4_IMU_Shoe_X-Mag,100,22036,41761,61720,75555
PAMAP_Outdoor_Subject4_IMU_Shoe_Y-Mag,100,22036,41761,61720,75555
PAMAP_Outdoor_Subject4_IMU_Shoe_Z-Mag,100,22036,41761,61720,75555
PAMAP_Outdoor_Subject5_IMU_Shoe_X-Acc,100,19796,41472,61484,76399,96554,110233,127201,144411
PAMAP_Outdoor_Subject5_IMU_Shoe_Y-Acc,100,19796,41472,61484,76399,96554,110233,127201,144411
PAMAP_Outdoor_Subject5_IMU_Shoe_Z-Acc,100,19796,41472,61484,76399,96554,110233,127201,144411
PAMAP_Outdoor_Subject5_IMU_Shoe_X-Gyro,100,19796,41472,61484,76399,96554,110233,127201,144411
PAMAP_Outdoor_Subject5_IMU_Shoe_Y-Gyro,100,19796,41472,61484,76399,96554,110233,127201,144411
PAMAP_Outdoor_Subject5_IMU_Shoe_Z-Gyro,100,19796,41472,61484,76399,96554,110233,127201,144411
PAMAP_Outdoor_Subject5_IMU_Shoe_X-Mag,100,19796,41472,61484,76399,96554,110233,127201,144411
PAMAP_Outdoor_Subject5_IMU_Shoe_Y-Mag,100,19796,41472,61484,76399,96554,110233,127201,144411
PAMAP_Outdoor_Subject5_IMU_Shoe_Z-Mag,100,19796,41472,61484,76399,96554,110233,127201,144411
PAMAP_Outdoor_Subject6_IMU_Shoe_X-Acc,100,20267,45974,66424,87403,108884,122627,139067,159354
PAMAP_Outdoor_Subject6_IMU_Shoe_Y-Acc,100,20267,45974,66424,87403,108884,122627,139067,159354
PAMAP_Outdoor_Subject6_IMU_Shoe_Z-Acc,100,20267,45974,66424,87403,108884,122627,139067,159354
PAMAP_Outdoor_Subject6_IMU_Shoe_X-Gyro,100,20267,45974,66424,87403,108884,122627,139067,159354
PAMAP_Outdoor_Subject6_IMU_Shoe_Y-Gyro,100,20267,45974,66424,87403,108884,122627,139067,159354
PAMAP_Outdoor_Subject6_IMU_Shoe_Z-Gyro,100,20267,45974,66424,87403,108884,122627,139067,159354
PAMAP_Outdoor_Subject6_IMU_Shoe_X-Mag,100,20267,45974,66424,87403,108884,122627,139067,159354
PAMAP_Outdoor_Subject6_IMU_Shoe_Y-Mag,100,20267,45974,66424,87403,108884,122627,139067,159354
PAMAP_Outdoor_Subject6_IMU_Shoe_Z-Mag,100,20267,45974,66424,87403,108884,122627,139067,159354
PAMAP_Outdoor_Subject7_IMU_Shoe_X-Acc,100,15563
PAMAP_Outdoor_Subject7_IMU_Shoe_Y-Acc,100,15563
PAMAP_Outdoor_Subject7_IMU_Shoe_Z-Acc,100,15563
PAMAP_Outdoor_Subject7_IMU_Shoe_X-Gyro,100,15563
PAMAP_Outdoor_Subject7_IMU_Shoe_Y-Gyro,100,15563
PAMAP_Outdoor_Subject7_IMU_Shoe_Z-Gyro,100,15563
PAMAP_Outdoor_Subject7_IMU_Shoe_X-Mag,100,15563
PAMAP_Outdoor_Subject7_IMU_Shoe_Y-Mag,100,15563
PAMAP_Outdoor_Subject7_IMU_Shoe_Z-Mag,100,15563
PAMAP_Outdoor_Subject8_IMU_Shoe_X-Acc,100,20657,41848,68082,87811,111675,124743,138876,158863
PAMAP_Outdoor_Subject8_IMU_Shoe_Y-Acc,100,20657,41848,68082,87811,111675,124743,138876,158863
PAMAP_Outdoor_Subject8_IMU_Shoe_Z-Acc,100,20657,41848,68082,87811,111675,124743,138876,158863
PAMAP_Outdoor_Subject8_IMU_Shoe_X-Gyro,100,20657,41848,68082,87811,111675,124743,138876,158863
PAMAP_Outdoor_Subject8_IMU_Shoe_Y-Gyro,100,20657,41848,68082,87811,111675,124743,138876,158863
PAMAP_Outdoor_Subject8_IMU_Shoe_Z-Gyro,100,20657,41848,68082,87811,111675,124743,138876,158863
PAMAP_Outdoor_Subject8_IMU_Shoe_X-Mag,100,20657,41848,68082,87811,111675,124743,138876,158863
PAMAP_Outdoor_Subject8_IMU_Shoe_Y-Mag,100,20657,41848,68082,87811,111675,124743,138876,158863
PAMAP_Outdoor_Subject8_IMU_Shoe_Z-Mag,100,20657,41848,68082,87811,111675,124743,138876,158863
